1.0000 0.9434 0.9528 0.9591 0.9746 0.9798 0.4065 0.0663 0.8680 0.6609
0.9434 1.0000 0.9946 0.9946 0.9743 0.9702 0.6136 0.3500 0.8039 0.5998
0.9528 0.9946 1.0000 0.9987 0.9831 0.9807 0.6261 0.3445 0.8231 0.6171
0.9591 0.9946 0.9987 1.0000 0.9878 0.9856 0.6096 0.3256 0.8276 0.6124
0.9746 0.9743 0.9831 0.9878 1.0000 0.9986 0.5599 0.2411 0.8590 0.6174
0.9798 0.9702 0.9807 0.9856 0.9986 1.0000 0.5500 0.2222 0.8691 0.6164
0.4065 0.6136 0.6261 0.6096 0.5599 0.5500 1.0000 0.7789 0.3655 0.1510
0.0663 0.3500 0.3445 0.3256 0.2411 0.2222 0.7789 1.0000 0.1122 0.0482
0.8680 0.8039 0.8231 0.8276 0.8590 0.8691 0.3655 0.1122 1.0000 0.6833
0.6609 0.5998 0.6171 0.6124 0.6174 0.6164 0.1510 0.0482 0.6833 1.0000